            mu_e           r_e         n
popt:  [ 18.3428435    8.83694642   1.53640709]
perr:  [ 1.15768352  2.24516023  0.17142329]
popt:  [ 21.57714736  39.31241654   0.79735293]
perr:  [ 0.16324639  1.62809766  0.03092424]
popt:  [ 22.45802171  63.64903123   0.96569913]
perr:  [ 0.12345488  2.72981795  0.07266941]
