            mu_e           r_e         n
popt:  [ 18.13260587   8.64148667   1.54736309]
perr:  [ 1.17113088  2.21703767  0.17289001]
popt:  [ 21.3049727   39.08180627   0.79777624]
perr:  [ 0.1671316   1.65104512  0.03140039]
popt:  [ 22.07824534  64.49170555   0.94619982]
perr:  [ 0.124187    2.776025    0.07224627]
