            mu_e           r_e         n
popt:  [ 18.09214798   8.77173755   1.53733728]
perr:  [ 1.16820501  2.24353508  0.17214727]
popt:  [ 21.29508375  39.28572685   0.79420127]
perr:  [ 0.16529807  1.64048423  0.03100075]
popt:  [ 22.12406367  64.31641251   0.94875743]
perr:  [ 0.12399938  2.76505693  0.07214347]
